245
149
954
835
882
469
847
133
166
971
794
196
969
880
800
242
661
874
423
20
189
827
92
74
594
95
244
573
629
748
756
307
237
718
623
460
357
172
993
483
789
513
866
948
308
701
332
900
674
564
265
990
416
485
629
162
915
626
485
868
416
566
494
66
780
151
361
512
639
5
653
478
630
339
784
583
225
114
518
147
382
57
878
720
492
852
802
2
627
772
616
951
460
154
0
550
888
637
418
506
180
56
96
848
207
538
551
271
643
993
822
113
318
388
137
173
799
484
896
576
387
2
998
596
890
995
15
958
868
645
228
40
212
853
828
416
584
283
971
912
983
271
221
221
256
626
906
179
193
210
355
998
36
723
886
208
772
961
868
215
757
927
466
953
12
795
188
728
197
134
567
211
837
3
168
888
492
377
625
529
183
921
682
965
569
686
989
138
328
385
239
997
192
869
479
393
792
864
636
36
2
605
382
280
18
729
922
767
698
214
270
542
691
564
344
130
706
617
427
86
508
268
131
985
904
599
780
287
177
72
619
746
255
234
12
379
804
121
814
770
800
352
990
240
591
564
255
203
273
101
187
140
765
332
569
365
893
611
389
390
481
349
510
761
599
852
34
77
990
357
206
559
518
208
960
985
535
146
106
295
978
815
697
135
956
595
94
632
770
607
942
53
738
458
759
744
279
175
60
778
913
495
908
30
852
113
29
240
991
857
659
365
723
97
65
251
507
99
550
10
236
68
231
577
40
754
103
581
485
86
899
995
299
435
607
196
237
666
235
674
47
507
582
634
39
584
317
90
947
308
59
44
863
602
532
722
726
44
515
76
441
680
765
60
521
988
980
678
180
34
207
369
659
410
478
138
284
531
413
923
9
121
410
257
39
179
828
296
502
436
861
543
251
309
243
425
918
878
659
838
83
28
590
755
110
357
681
731
873
753
971
490
944
92
187
279
367
571
24
654
535
606
949
926
937
23
207
472
534
639
197
422
354
678
279
422
945
227
876
532
959
344
765
422
628
49
259
681
44
948
878
31
957
501
160
207
86
449
586
151
539
141
656
14
531
652
744
670
312
545
610
661
559
298
90
139
987
367
820
571
46
502
721
200
682
558
84
581
394
546
914
50
958
79
31
70
218
245
335
609
256
948
896
826
267
921
61
854
22
95
959
734
947
932
515
941
884
812
488
364
328
323
187
448
185
396
773
378
526
770
586
852
508
601
839
13
858
532
212
571
482
835
635
398
944
178
736
989
567
346
924
220
714
981
150
99
751
601
209
414
540
263
966
67
434
78
578
817
661
942
373
332
449
925
781
155
994
481
173
426
399
588
354
574
735
399
783
234
515
408
147
576
970
393
323
508
963
250
201
259
501
699
134
111
163
369
595
723
199
929
251
694
489
9
414
270
8
736
360
383
221
340
540
163
242
31
691
89
274
330
184
470
800
107
890
155
557
155
338
200
412
315
750
896
188
193
623
39
19
915
679
399
720
496
150
8
993
431
272
988
850
871
261
855
927
84
571
981
9
786
94
899
449
268
490
488
699
339
371
728
285
67
443
608
206
511
547
840
58
388
670
555
910
212
846
840
261
551
932
821
592
718
567
67
850
602
489
651
153
36
32
749
832
792
189
256
162
636
766
929
909
905
398
203
374
404
87
912
343
765
3
342
525
576
993
443
13
563
501
511
574
156
604
124
237
282
413
535
451
811
918
79
922
620
423
319
637
759
797
498
515
937
788
358
45
646
186
661
332
68
55
570
639
124
543
747
752
359
959
427
805
879
326
358
507
130
24
983
817
418
700
214
934
250
500
174
505
452
294
345
313
135
533
613
443
444
615
548
768
60
632
923
326
422
367
544
226
78
861
99
139
214
21
852
866
710
745
569
248
69
224
622
871
932
574
290
784
744
79
120
880
51
548
974
835
474
908
343
985
643
284
571
904
407
316
833
905
10
788
552
166
614
28
60
827
394
972
916
59
171
879
458
862
364
754
109
911
656
5
375
989
383
547
642
85
123
559
479
579
450
904
63
694
304
558
490
876
88
929
210
593
312
102
874
915
511
372
818
413
103
124
708
395
215
778
143
668
709
710
51
80
960
986
907
750
454
84
41
250
91
5
777
124
363
454
310
965
677
563
870
931
337
592
780
650
672
641
291
822
340
1000
367
667
941
752
793
270
71
423
886
367
273
508
214
583
64
441
621
656
285
295
884
842
948
910
469
357
390
77
220
838
93
541
667
423
212
386
917
568
667
555
442
789
684
348
508
922
670
424
386
143
204
561
458
694
366
128
194
313
406
245
853
193
344
641
959
936
845
608
557
877
908
283
969
793
94
422
896
558
205
85
308
172
79
409
820
603
761
399
131
969
133
781
573
778
695
322
474
228
340
339
923
246
486
414
941
396
121
289
490
515
527
589
711
546
372
717
316
490
331
270
641
470
854
573
627
83
472
822
911
89
933
492
308
883
372
251
635
389
32
84
437
726
756
866
505
835
464
242
531
161
170
394
868
193
353
480
938
247
136
759
548
41
594
260
207
59
193
783
529
736
603
19
671
703
734
819
663
656
10
963
197
127
83
70
185
697
212
762
264
770
252
925
689
6
46
797
881
302
542
185
197
599
877
899
300
524
401
639
834
332
811
999
505
611
903
250
732
91
711
799
930
279
1000
327
201
75
452
50
333
95
959
306
873
586
831
919
284
376
53
217
734
45
694
967
790
667
959
241
73
228
462
192
119
163
0
794
787
135
345
547
148
78
370
885
814
836
635
0
256
679
946
881
564
856
770
851
195
78
615
949
615
365
906
1000
370
312
863
143
797
978
553
256
263
220
123
643
560
189
129
580
809
146
420
6
289
16
15
541
688
552
188
740
650
500
188
220
399
707
550
660
161
99
810
542
521
576
483
961
939
503
579
162
307
882
697
103
424
656
983
406
357
320
140
69
234
962
407
314
42
150
403
631
170
88
466
198
546
850
268
454
3
501
410
936
470
718
80
775
803
970
149
328
857
885
521
805
101
802
285
203
988
216
927
14
614
77
396
288
19
402
167
565
904
460
92
691
869
522
386
458
737
236
781
913
34
414
994
400
383
624
138
13
99
486
353
545
219
604
775
115
897
521
886
521
221
150
370
278
798
742
404
587
595
815
280
537
312
644
245
459
461
813
382
141
365
551
763
762
66
108
78
847
166
436
536
249
840
963
328
731
462
684
949
756
771
657
750
433
436
898
771
136
695
270
736
588
361
924
895
859
308
441
394
445
162
293
369
33
132
459
822
705
523
340
35
150
11
183
631
922
189
560
953
7
121
955
246
550
37
235
363
111
170
13
945
536
979
730
910
260
550
41
970
142
819
801
112
611
572
55
579
203
7
164
360
876
739
152
150
969
945
511
944
17
256
861
105
677
507
551
910
167
875
488
530
600
672
740
625
863
841
619
114
294
264
658
656
320
522
774
375
881
544
40
579
781
282
994
538
82
324
78
372
449
207
693
897
205
967
113
197
162
374
793
710
481
835
891
874
741
865
461
993
864
646
229
457
773
205
184
273
926
837
697
804
224
393
353
525
524
0
780
827
732
647
391
832
345
183
428
154
309
673
587
682
302
728
72
491
217
304
804
938
475
753
835
597
653
2
320
565
718
933
857
315
133
448
581
484
542
256
903
850
767
291
190
599
206
35
130
874
176
210
569
824
942
79
971
33
360
777
352
405
325
931
246
177
434
823
773
566
387
136
602
233
852
374
812
873
832
281
819
355
952
262
719
42
577
702
250
31
689
683
385
814
476
681
882
315
399
593
953
562
131
47
688
504
323
650
580
366
571
204
983
576
500
197
876
205
73
966
363
274
881
689
512
43
423
69
851
563
386
353
385
432
566
480
327
260
249
662
976
593
408
171
458
517
879
470
864
187
761
797
1000
566
414
432
244
715
290
138
608
70
197
731
443
231
616
556
246
160
958
920
210
513
473
187
559
553
935
85
986
284
271
636
978
701
887
927
177
184
355
682
547
329
486
576
16
842
517
88
171
846
617
36
822
27
179
956
759
827
483
334
569
654
51
275
957
950
425
251
97
922
544
188
254
650
476
36
78
668
901
666
926
652
597
578
986
193
694
481
373
953
879
591
129
155
749
582
333
532
269
322
19
620
389
432
595
821
504
415
977
445
360
442
524
596
117
897
713
756
661
129
159
320
174
501
548
198
369
683
967
921
644
610
214
904
752
710
566
141
17
374
329
396
493
545
188
984
312
926
924
942
50
832
190
586
28
815
740
880
213
853
20
607
277
525
547
558
601
565
652
413
290
359
354
420
264
369
375
686
572
162
100
716
173
283
509
623
912
920
555
201
447
285
930
155
492
678
114
974
31
487
201
290
938
101
343
401
129
685
435
195
215
779
57
547
425
533
676
12
132
888
246
757
755
460
95
90
664
674
575
712
333
321
753
212
529
852
935
402
523
52
875
631
546
621
878
74
995
154
1000
716
309
592
638
799
393
779
718
559
699
437
635
302
911
715
306
88
900
764
467
812
442
494
949
795
212
636
762
904
204
223
997
586
68
409
388
914
704
436
885
272
716
339
822
448
119
823
244
162
346
115
369
543
665
927
328
152
110
640
899
103
496
391
437
43
321
930
501
635
52
926
345
675
7
140
196
331
243
369
428
334
526
882
772
22
357
259
471
547
986
141
358
487
468
862
239
929
227
625
622
419
586
700
297
805
942
41
671
99
222
334
159
352
764
699
86
841
681
842
536
176
633
44
351
139
142
446
950
650
595
452
893
561
960
562
873
822
693
960
783
329
477
321
871
71
768
181
491
369
374
749
920
669
594
174
431
356
137
991
621
896
893
566
586
334
436
886
404
450
13
30
619
884
862
680
454
593
51
767
86
872
591
798
639
642
593
367
737
372
159
811
104
123
458
127
521
513
91
795
211
39
490
905
439
793
513
102
454
535
853
396
871
25
973
777
44
541
607
463
198
100
381
101
57
200
775
219
899
749
81
584
596
753
84
725
666
66
900
666
839
496
895
174
83
277
669
268
675
483
82
190
612
271
3
60
838
370
114
151
364
845
503
68
707
377
25
872
190
698
341
556
92
198
354
99
829
826
118
587
137
300
551
68
611
373
992
200
774
849
857
127
474
221
134
489
624
562
36
891
131
36
326
29
29
964
822
608
837
815
327
785
511
288
773
238
201
835
634
932
352
790
21
829
884
117
780
823
399
309
765
475
213
300
122
439
329
875
371
357
36
702
898
710
699
460
960
677
946
995
566
635
547
297
774
573
613
733
732
101
294
337
635
463
511
686
145
252
329
117
46
510
821
146
565
97
246
53
17
496
432
628
921
527
508
408
699
269
959
975
900
578
697
555
45
389
678
827
81
615
450
851
271
331
421
906
793
742
374
588
763
92
56
951
729
121
636
348
811
928
93
211
308
940
50
415
238
479
372
335
175
121
583
490
990
982
265
423
704
536
751
64
462
909
637
733
981
926
634
997
256
274
712
250
841
648
863
961
562
819
476
214
644
53
103
210
739
469
327
111
167
592
152
537
772
452
199
718
541
733
637
233
513
536
657
398
943
871
124
715
808
678
442
824
24
3
535
557
821
873
743
154
987
397
393
359
196
896
429
389
46
850
78
435
287
263
600
283
599
235
464
855
793
372
432
719
720
241
706
195
201
878
490
728
4
635
463
895
397
799
293
733
727
838
254
203
765
464
391
223
832
859
894
156
78
749
656
337
570
252
72
469
721
978
431
643
851
842
249
283
445
649
943
348
436
816
172
745
3
702
772
659
328
686
838
152
16
830
186
500
0
99
843
542
409
506
180
709
995
419
146
366
976
590
729
559
696
174
551
530
3
437
378
61
173
522
645
899
477
920
467
354
563
638
56
284
828
206
405
386
678
988
848
37
434
426
553
487
550
262
865
151
904
481
243
364
824
496
248
420
591
721
180
691
540
102
755
520
495
839
262
916
363
209
463
74
91
361
410
508
376
631
325
322
627
603
463
24
246
652
7
538
316
674
986
696
166
526
956
307
197
179
506
357
848
405
299
8
135
628
198
806
474
857
983
349
369
887
793
142
823
892
443
822
810
934
693
834
366
104
342
659
302
300
803
632
39
932
534
95
303
696
23
658
871
932
136
543
500
311
204
63
68
382
950
258
385
872
59
482
954
916
280
167
114
72
408
181
329
680
951
538
829
761
708
24
820
230
638
788
941
448
667
38
15
128
236
96
338
905
742
482
675
858
883
877
458
566
356
85
543
857
54
981
997
802
687
625
818
426
213
739
660
179
728
962
176
717
52
185
606
929
777
413
460
464
67
858
763
987
329
258
27
138
147
175
11
767
593
423
934
604
267
16
313
745
947
667
192
612
636
46
912
619
901
408
216
136
664
642
544
895
345
877
475
782
855
72
647
570
232
428
39
312
641
664
4
811
204
115
276
928
521
241
643
717
260
18
307
158
777
806
758
568
258
790
17
797
190
457
492
359
71
147
208
826
713
513
521
721
785
227
34
898
411
906
932
261
657
55
92
92
310
661
707
198
262
271
938
484
871
178
758
139
839
107
922
32
730
262
671
845
554
303
246
684
136
172
232
347
935
263
773
394
236
612
664
600
889
815
250
243
245
692
451
504
918
651
678
838
892
869
708
102
547
543
479
108
991
288
936
209
146
969
228
17
17
652
675
74
450
790
876
364
937
112
35
580
714
48
584
196
426
656
26
597
322
242
36
398
107
874
567
222
620
638
305
112
80
728
917
784
617
937
106
336
771
352
457
766
505
87
245
418
799
702
162
103
586
684
291
639
881
169
487
765
358
330
945
67
208
564
145
957
592
341
648
202
969
835
798
378
259
452
187
899
842
978
606
667
434
884
44
101
42
427
782
527
955
758
459
583
227
660
333
172
327
214
28
268
30
941
537
91
565
355
200
326
17
141
617
995
534
780
651
175
95
60
44
541
573
308
412
176
679
436
709
830
888
421
282
501
852
454
300
661
285
191
423
484
745
297
467
327
14
825
166
178
22
791
109
579
574
533
189
458
401
419
424
413
231
483
297
873
535
223
109
999
629
269
762
54
950
820
754
802
615
795
881
561
660
614
383
873
796
53
934
175
100
843
325
151
390
874
65
88
226
670
368
518
265
433
494
566
765
895
837
216
369
64
567
266
801
236
664
227
309
853
486
93
527
333
440
723
119
25
669
667
400
495
587
440
704
758
589
201
649
517
965
814
402
572
808
897
957
410
0
664
172
136
621
863
632
904
98
343
408
82
782
373
695
404
432
2
773
895
765
403
830
199
69
498
31
329
338
797
26
189
757
770
106
672
348
58
23
581
149
591
803
672
529
796
843
562
89
844
933
496
404
450
34
67
154
959
597
379
94
9
690
484
933
507
684
147
519
105
262
271
661
553
619
504
697
728
362
918
452
609
582
138
442
832
359
285
831
166
901
918
730
462
225
203
305
725
554
847
808
617
48
851
106
602
383
379
158
997
106
631
579
579
598
714
350
336
886
84
205
467
74
105
690
644
774
804
452
825
856
671
683
309
656
531
724
759
998
9
333
966
671
221
419
501
260
223
71
961
229
281
303
286
745
177
898
368
174
336
898
892
887
72
755
88
13
25
972
360
298
798
490
69
490
833
344
391
390
986
769
758
135
27
622
259
685
419
621
771
306
648
975
140
985
585
975
52
190
792
927
541
94
34
605
809
789
968
816
452
39
155
896
649
914
947
124
830
190
959
118
28
176
585
290
903
568
561
183
781
916
139
404
402
366
387
226
547
18
342
367
334
14
42
470
970
779
220
607
287
211
354
743
696
583
315
289
0
628
267
225
637
724
557
238
99
115
925
825
140
427
770
817
299
20
451
50
489
888
827
434
82
761
480
309
602
525
352
864
514
689
750
482
278
383
386
447
272
748
758
366
848
348
978
29
497
92
865
911
178
256
932
406
6
13
243
300
835
949
720
927
396
983
737
427
334
550
85
405
257
732
313
610
218
557
254
362
587
125
678
394
680
470
777
755
622
881
324
642
427
168
174
413
854
634
831
455
525
859
613
810
113
71
253
550
21
731
238
803
717
685
34
995
455
655
930
302
565
75
53
77
139
794
424
931
983
526
81
187
397
480
251
57
797
321
74
351
251
210
155
200
9
764
860
616
165
2
649
27
646
655
836
665
102
853
340
456
80
397
371
525
123
106
623
98
305
247
342
47
304
455
370
251
386
730
591
479
411
796
856
420
115
251
257
253
318
562
846
67
896
316
934
81
772
410
223
3
832
859
645
731
7
210
900
41
445
778
240
837
735
297
424
404
39
581
197
455
863
250
328
723
340
780
238
916
791
618
683
636
37
500
767
573
226
515
560
259
841
27
854
475
957
281
798
572
780
89
710
464
343
832
823
683
51
98
562
259
335
558
247
253
848
761
341
581
140
580
928
213
244
808
159
950
318
282
909
922
780
108
60
510
129
808
718
66
577
176
442
311
738
519
743
462
561
512
546
877
872
725
152
353
804
214
437
536
274
185
506
214
879
229
743
536
680
997
521
208
26
61
818
259
68
497
237
469
916
938
838
700
877
113
362
895
496
83
586
991
162
601
859
207
372
254
533
680
420
858
473
428
712
854
911
201
592
268
404
385
9
134
342
20
833
406
381
678
452
147
53
478
516
500
570
826
52
767
503
292
788
605
683
408
57
796
935
466
765
301
191
65
344
97
117
414
356
495
486
927
773
707
221
706
428
413
67
757
30
638
753
662
289
552
558
274
925
30
104
452
307
720
991
62
635
367
550
993
0
106
121
958
937
548
922
71
460
48
343
644
882
493
588
751
191
95
925
737
693
205
835
766
115
358
80
510
903
645
694
856
308
850
323
654
552
833
640
698
145
917
712
348
437
628
554
398
301
825
513
643
55
317
323
736
629
145
47
659
790
709
199
652
681
677
325
619
848
400
278
716
978
393
413
265
686
651
845
16
66
527
447
118
715
379
253
540
570
985
176
34
80
141
962
898
929
643
893
816
431
493
330
524
887
844
914
472
292
219
262
35
219
543
470
126
277
185
485
639
154
351
880
12
694
124
200
876
845
913
66
811
485
135
532
517
537
600
921
538
849
476
853
701
843
785
874
455
632
898
652
406
130
762
960
321
85
44
188
822
947
692
326
167
533
0
448
313
711
209
542
38
221
270
929
855
967
174
642
902
799
944
340
933
121
409
821
516
121
237
784
837
162
782
757
165
643
249
475
566
131
297
256
245
768
104
183
594
260
603
187
642
376
621
189
814
890
388
289
752
326
19
473
335
658
602
589
355
660
544
771
397
612
420
383
830
32
220
559
773
971
931
870
576
551
434
265
771
289
616
383
57
84
692
131
754
334
221
652
966
35
266
598
490
324
978
531
296
482
198
114
68
886
476
716
80
22
766
340
875
902
94
224
320
567
831
823
470
218
314
433
619
382
753
531
840
548
647
718
495
235
315
433
348
133
511
441
976
179
230
84
634
355
518
370
133
742
332
499
6
595
903
51
589
689
583
524
193
18
898
743
871
321
389
41
71
939
523
777
678
947
164
844
731
881
648
664
896
805
114
332
822
899
241
974
447
653
204
151
707
808
236
338
470
755
649
38
134
621
718
621
381
199
281
710
470
306
128
654
246
482
269
555
289
409
727
754
308
141
128
715
6
273
780
779
4
760
59
963
760
282
391
346
144
705
325
416
749
918
690
319
434
722
192
112
294
778
498
412
882
601
2
681
508
257
239
516
366
987
229
444
602
461
731
5
778
459
784
358
317
129
625
737
793
55
520
960
89
605
273
619
24
297
200
897
450
309
314
739
37
842
389
125
643
848
749
84
764
105
82
851
597
21
891
891
388
714
305
861
663
839
737
287
329
204
964
375
454
34
279
7
878
291
323
249
258
490
640
377
83
509
669
790
525
244
794
220
144
118
448
1
781
921
995
419
228
855
591
470
606
776
636
850
965
327
151
38
826
710
106
480
290
408
437
643
210
992
372
434
769
117
511
702
302
508
605
146
570
92
965
457
222
97
2
177
567
196
913
423
731
553
114
661
27
154
493
685
843
135
360
75
541
597
723
958
94
431
893
172
127
5
814
845
555
303
434
117
40
827
991
514
235
48
536
168
498
769
809
180
475
494
780
211
954
775
526
300
290
288
355
708
552
380
148
751
676
446
270
83
680
193
191
622
352
611
777
391
57
55
598
663
14
104
420
245
22
311
912
495
983
799
936
366
973
640
527
318
936
921
438
535
739
790
436
286
878
619
191
537
309
519
32
519
658
19
786
766
967
728
774
782
527
829
216
451
561
383
327
532
307
686
974
452
711
644
944
347
537
403
413
608
922
808
87
562
421
577
852
850
859
566
122
644
866
307
62
300
438
882
535
501
55
379
449
886
299
933
575
449
190
773
330
754
729
696
695
181
937
873
769
234
514
315
697
759
991
577
850
478
715
223
649
243
357
928
310
604
374
414
811
729
142
634
808
927
798
317
138
172
973
14
974
944
628
621
605
975
550
192
584
776
626
219
367
551
53
182
668
736
437
246
368
302
3
243
296
975
819
309
428
322
291
286
788
407
420
713
957
651
87
143
358
406
117
85
329
567
95
55
684
966
392
12
206
742
548
323
562
46
107
660
448
428
600
306
808
94
879
51
240
336
662
217
649
736
287
50
811
617
959
299
498
832
585
956
328
316
292
946
622
980
626
952
947
759
261
877
337
129
438
496
592
246
821
795
173
310
443
664
301
62
476
784
969
842
932
380
48
624
385
374
557
139
965
441
147
434
991
828
743
79
984
451
984
27
930
846
115
725
155
106
651
924
769
422
105
182
767
755
448
448
736
206
933
629
542
226
878
288
617
224
238
131
772
712
441
621
464
218
78
387
861
195
794
319
436
904
489
6
547
180
135
625
6
84
766
966
664
736
404
606
541
444
236
757
262
563
966
549
149
898
549
380
150
467
355
743
799
521
62
926
752
537
725
577
697
493
891
802
942
819
100
489
954
308
554
967
936
912
80
98
957
238
946
891
606
127
756
989
296
48
441
17
463
674
871
651
376
254
868
728
910
538
40
228
182
659
736
924
682
515
635
67
180
716
249
663
558
136
656
634
397
262
683
319
9
552
164
652
871
119
184
144
596
599
201
651
901
414
12
759
370
684
88
20
870
422
291
876
991
241
896
996
69
100
32
720
359
306
268
479
452
535
903
648
455
375
739
894
388
759
599
268
586
493
15
563
748
140
94
191
9
524
705
956
211
24
131
73
715
216
847
435
650
648
389
263
86
331
730
36
181
490
623
601
311
295
136
540
440
337
475
909
745
614
27
961
22
554
812
260
193
353
281
243
777
312
595
123
178
148
511
831
628
580
318
212
170
55
766
449
351
43
719
465
431
623
568
187
508
159
742
259
925
351
467
588
839
366
417
456
923
999
266
897
668
582
782
702
79
374
723
862
831
552
797
800
19
821
262
501
206
8
584
133
377
49
419
429
162
976
610
4
802
216
361
814
921
42
450
572
912
414
277
703
613
938
828
827
637
581
466
354
762
238
836
274
740
60
553
708
97
89
540
65
248
429
993
959
598
274
899
698
420
571
557
266
315
801
156
322
739
992
435
637
173
998
591
417
823
696
324
963
51
573
795
593
961
462
916
22
887
449
447
861
416
453
825
885
816
422
288
913
425
960
420
438
583
398
883
740
562
43
781
336
361
930
747
982
501
325
302
43
848
47
415
22
183
225
378
569
319
144
374
176
134
753
599
483
664
88
574
976
349
559
377
667
358
232
377
841
694
905
622
417
621
180
291
248
930
541
883
659
921
714
525
222
262
741
485
96
386
115
923
994
487
798
800
243
963
563
95
527
438
492
44
503
547
414
976
618
28
868
734
467
136
916
631
621
20
847
151
506
784
178
735
465
810
591
810
440
365
738
885
48
283
855
145
754
742
144
929
710
958
233
436
869
960
103
462
888
291
153
24
774
621
402
54
80
404
991
558
876
821
775
749
196
89
27
768
511
273
960
760
526
123
982
162
920
196
474
558
71
98
681
245
57
994
50
162
769
34
790
390
939
645
652
185
743
289
377
799
252
416
390
134
303
387
333
72
766
682
470
902
235
552
211
548
270
210
121
461
396
922
438
810
345
344
259
92
921
635
632
190
962
814
563
714
65
619
266
61
718
485
932
356
405
7
246
71
238
606
210
737
774
733
765
387
282
950
185
421
769
226
41
98
941
794
327
267
311
497
817
581
546
1
447
28
327
313
218
146
151
867
565
815
830
175
558
140
957
462
81
169
663
818
20
285
230
205
204
587
650
26
392
952
326
415
687
970
410
923
606
110
65
688
531
783
337
729
563
97
899
833
790
351
867
756
93
32
616
339
429
428
670
998
887
754
877
114
778
777
604
276
10
170
631
447
691
316
19
47
956
320
880
821
877
241
976
287
775
602
919
897
36
699
354
468
423
257
924
97
749
909
100
385
420
505
939
480
68
266
299
573
385
652
694
71
107
432
209
207
55
78
270
275
436
685
195
191
217
522
756
955
779
937
108
758
922
512
282
420
170
942
576
750
962
317
67
523
769
87
916
549
144
502
762
76
490
133
726
824
887
493
85
221
737
97
458
290
661
225
729
999
412
467
834
0
644
84
48
830
481
937
988
309
116
636
593
208
143
382
549
174
612
360
403
920
781
779
520
974
948
296
392
764
153
403
565
198
440
590
461
481
248
169
595
529
196
638
605
688
426
653
51
523
255
983
672
0
293
167
843
86
532
974
184
610
346
87
999
75
141
528
525
470
440
885
104
410
268
267
618
733
760
212
997
458
717
746
138
930
672
526
840
68
482
221
434
198
471
619
120
819
797
18
688
444
799
546
485
853
392
720
86
75
636
123
320
845
725
413
41
143
67
385
947
86
405
678
455
311
499
10
623
358
660
510
709
706
219
380
292
197
94
206
241
517
918
681
601
12
764
861
495
100
260
58
965
932
709
20
964
937
180
303
469
10
318
805
798
990
856
668
815
153
507
84
75
368
362
824
173
240
157
640
720
711
209
860
55
579
901
761
136
4
324
11
324
32
229
685
691
803
548
704
658
384
129
596
852
64
431
709
615
430
573
826
321
96
731
546
600
387
488
512
393
377
680
358
837
556
575
418
570
610
107
652
406
366
129
756
963
902
808
474
806
795
844
391
145
720
443
631
92
61
285
98
325
868
667
606
237
159
630
590
821
272
390
39
261
437
418
5
628
951
290
259
352
500
455
934
842
25
17
375
600
852
839
664
512
843
406
447
483
474
129
403
568
714
615
479
614
426
41
714
562
610
198
10
904
10
84
995
799
370
854
957
477
672
847
303
652
608
590
292
568
955
125
229
661
844
368
865
503
637
488
130
941
506
500
710
350
767
994
354
574
124
111
867
39
605
738
176
488
216
730
329
149
975
257
561
368
559
502
730
932
316
942
187
177
893
514
78
321
805
7
783
804
799
808
9
564
954
930
356
589
303
96
937
407
965
121
291
816
455
796
142
935
957
370
373
633
133
474
707
397
330
784
209
714
323
797
500
95
444
826
637
618
353
184
731
5
840
507
385
837
551
541
385
706
847
844
835
36
326
13
33
860
759
850
112
964
945
439
315
733
280
603
289
776
812
797
100
816
424
120
574
879
620
333
482
345
136
652
171
755
837
237
69
231
941
682
811
446
321
521
640
575
340
224
253
100
878
895
450
421
840
405
608
682
185
140
962
40
403
473
980
895
993
436
205
414
27
173
483
758
48
492
229
669
320
543
350
249
69
411
647
871
278
160
435
656
569
650
944
870
789
419
806
751
455
525
353
34
808
461
515
74
697
810
993
715
864
83
617
80
223
966
79
281
970
335
106
99
197
152
915
663
338
751
541
935
493
367
130
285
298
893
845
844
599
268
217
915
617
781
908
469
660
970
540
830
76
612
988
260
921
443
898
541
75
775
574
803
272
207
47
974
140
907
874
351
826
907
245
414
218
768
826
370
561
615
714
528
707
165
458
405
107
118
859
533
561
655
659
146
47
667
277
549
613
814
178
733
922
382
864
382
280
197
15
80
32
918
359
94
765
769
706
257
137
195
438
478
593
308
369
580
341
168
291
850
514
177
503
449
757
659
223
261
606
726
169
96
467
922
993
495
705
589
526
841
833
60
817
317
84
998
23
897
354
611
50
768
240
578
898
993
657
183
316
986
718
661
850
791
910
955
809
460
502
877
844
224
118
645
703
50
750
774
537
22
143
954
780
557
704
499
908
133
747
761
761
370
930
833
23
406
393
358
730
814
596
975
165
48
942
640
281
844
771
925
865
946
464
470
128
892
827
973
962
388
957
511
131
996
487
58
499
593
520
432
454
229
604
113
511
48
883
775
757
218
326
340
774
482
933
490
153
431
284
376
440
275
836
720
770
421
562
482
997
681
557
695
178
209
145
867
208
959
629
897
5
656
339
57
366
318
553
573
999
816
800
34
185
382
356
185
495
594
178
279
797
559
613
38
458
74
59
916
242
571
618
133
826
778
12
864
64
971
550
757
299
249
781
374
585
174
294
261
125
652
199
776
817
606
183
445
54
116
587
921
703
947
365
462
216
695
343
383
49
397
266
657
310
127
507
273
823
285
432
842
294
618
800
468
714
529
228
282
92
613
468
43
229
944
454
280
260
623
978
537
406
146
676
554
205
491
568
168
526
467
741
206
271
577
924
462
488
780
937
784
28
768
628
931
120
110
336
693
796
79
950
867
172
20
953
11
251
434
634
931
275
439
286
884
185
31
750
718
351
294
177
17
935
350
708
439
497
211
429
191
311
762
396
83
994
790
735
569
245
114
172
935
134
437
669
271
16
679
75
592
404
629
622
360
901
966
556
757
756
894
9
659
177
113
138
634
269
115
922
202
584
723
874
979
964
757
45
859
56
516
876
546
33
279
269
540
301
177
262
381
145
901
414
697
935
805
478
863
99
631
64
540
361
277
712
483
138
694
721
482
302
903
919
222
659
620
154
540
633
255
777
992
634
970
345
880
537
49
23
669
183
806
148
228
30
459
267
531
503
991
46
181
774
641
389
881
285
877
643
884
596
465
124
946
757
895
235
38
32
517
85
840
934
840
592
382
332
35
518
425
893
644
127
266
770
721
980
999
6
574
725
440
296
919
80
338
278
874
899
163
606
943
752
81
738
29
921
392
846
718
193
379
660
951
186
117
348
757
913
795
705
449
530
307
138
647
650
317
932
346
444
627
103
245
364
373
923
537
539
361
657
836
630
291
385
11
142
816
679
943
792
389
13
29
686
473
945
308
406
346
11
881
883
424
708
428
50
168
81
808
531
761
48
514
1
630
205
853
161
897
452
627
856
475
91
347
739
203
114
987
237
640
325
465
595
973
710
605
827
433
339
670
563
685
57
674
820
712
548
81
563
853
708
935
919
349
799
784
418
11
103
754
184
560
809
789
346
292
962
868
662
700
525
562
771
120
455
775
925
17
887
7
380
309
960
787
241
804
856
753
883
116
566
871
789
11
725
902
166
524
208
226
139
444
118
59
928
355
580
515
162
141
349
832
76
383
332
422
88
406
98
721
443
775
724
216
953
884
342
116
153
686
621
908
46
131
799
987
631
518
524
207
340
307
427
81
119
589
472
397
66
97
231
402
709
117
874
347
714
964
689
137
70
60
759
975
46
903
165
817
317
459
489
974
426
505
11
947
946
695
161
171
298
164
468
194
211
557
39
186
544
413
712
951
13
360
739
608
970
570
350
598
27
204
13
971
600
914
113
176
730
714
705
384
377
230
669
341
935
216
756
711
308
130
470
568
345
452
206
237
939
992
729
161
646
110
223
447
355
693
956
796
431
261
782
110
322
929
508
397
220
863
83
804
306
642
474
843
846
321
588
873
670
924
763
926
725
330
200
846
518
384
637
703
430
419
310
825
73
144
757
810
895
720
748
897
737
128
669
440
125
823
623
534
375
872
321
990
94
104
894
948
141
509
103
913
771
586
320
4
134
288
216
205
481
929
218
141
304
69
285
193
112
677
938
638
368
170
205
49
908
594
693
989
661
479
381
231
497
747
203
618
613
265
76
147
299
114
658
760
670
376
378
457
948
466
970
172
433
624
386
305
452
635
315
600
757
557
664
505
76
882
988
489
644
663
371
700
274
830
123
8
4
248
259
995
264
826
244
143
512
970
73
256
494
470
584
322
306
267
805
827
450
667
373
585
733
726
798
524
104
505
818
697
874
271
449
877
181
235
861
801
385
839
157
487
4
653
595
492
448
721
973
475
704
136
249
68
33
419
176
481
906
962
96
939
532
863
524
985
610
384
776
759
131
773
600
967
940
155
709
764
194
596
332
201
854
783
440
424
690
618
172
1
661
30
464
843
69
333
336
586
419
920
378
357
576
253
629
947
336
567
226
944
840
211
503
319
57
644
220
305
509
426
282
794
695
754
334
906
373
998
731
693
536
606
333
0
381
977
195
74
82
192
501
763
471
795
508
754
582
37
472
662
682
754
493
796
196
224
761
707
919
368
967
417
825
795
235
92
261
262
947
932
995
1
992
35
793
198
792
137
506
840
602
182
621
404
415
613
669
857
634
707
94
683
842
224
599
611
775
368
149
113
737
265
28
882
717
756
529
916
668
940
86
92
388
316
461
835
601
809
664
510
398
974
798
693
294
378
365
222
645
742
569
477
148
955
966
720
903
578
217
774
219
852
338
679
304
311
342
82
549
620
610
457
134
596
958
699
414
669
667
739
721
522
660
541
374
817
609
885
580
99
340
527
624
470
649
357
77
756
695
917
310
662
832
718
328
55
249
766
81
677
625
901
426
939
12
856
340
447
286
605
645
491
392
979
929
828
68
3
87
756
374
633
558
368
524
555
625
197
804
271
154
976
951
386
472
723
846
479
518
529
655
583
905
203
595
628
873
844
38
285
259
520
563
736
279
212
978
187
347
456
598
709
370
316
508
146
170
618
156
260
343
30
194
602
45
686
695
298
997
626
696
462
553
605
757
984
748
247
78
501
752
849
120
967
505
443
129
587
561
90
665
230
639
916
682
53
711
97
571
833
126
378
235
942
931
95
279
463
835
676
368
603
292
67
562
334
206
199
961
540
809
271
594
47
407
83
511
611
298
216
72
226
194
13
780
267
180
745
813
22
899
43
373
739
478
499
157
371
974
268
613
554
201
585
838
307
25
431
701
814
631
163
281
445
601
593
310
999
285
750
769
738
543
843
566
780
714
623
641
193
785
195
758
283
868
816
291
397
562
270
575
966
654
630
242
230
81
638
856
648
13
343
51
285
962
54
148
188
832
751
82
687
181
745
681
177
620
106
863
185
741
366
912
333
0
552
956
489
88
401
681
601
928
845
726
415
89
330
299
270
294
455
401
383
716
777
838
908
781
384
193
205
939
544
532
792
730
966
694
843
155
499
42
458
141
849
956
477
705
262
403
211
685
304
315
952
38
968
963
93
419
871
295
963
531
607
197
10
655
3
339
691
777
329
391
518
191
343
518
910
869
361
62
541
57
246
502
897
866
547
98
961
327
660
180
422
968
446
426
638
737
703
665
712
412
469
619
231
21
560
44
317
415
838
63
700
628
212
530
858
400
249
118
963
370
807
296
273
633
762
589
619
623
244
331
909
479
174
970
398
651
685
705
489
395
929
76
572
248
39
894
505
784
729
25
547
927
580
826
172
85
437
335
300
10
468
60
924
550
539
473
804
178
848
436
425
470
159
833
268
77
796
764
53
250
365
785
318
246
464
992
408
906
691
912
728
84
131
434
585
294
74
484
914
831
972
723
291
811
877
39
804
942
423
760
194
841
604
340
318
380
685
504
696
856
565
167
751
18
215
890
275
478
636
759
834
64
499
128
41
261
545
702
950
611
677
651
192
590
58
478
438
457
429
562
384
409
790
720
233
525
276
243
532
546
78
556
644
14
1000
312
247
1000
4
624
203
286
251
420
416
732
777
636
31
104
429
0
797
521
562
90
667
423
75
656
988
52
260
652
789
153
171
102
350
157
731
189
396
682
984
607
9
533
503
244
359
728
383
825
291
697
50
475
856
849
487
429
713
808
536
327
279
658
216
673
640
317
131
73
123
194
600
805
157
465
8
324
66
404
68
150
386
515
983
555
891
794
388
11
520
878
150
82
174
789
884
618
899
278
764
159
803
730
88
51
279
828
895
170
209
961
888
718
823
926
267
708
211
760
336
307
877
232
41
874
589
424
980
46
939
557
361
160
768
679
471
898
180
24
774
427
592
13
737
844
779
2
842
738
185
343
711
239
505
375
456
333
673
983
245
681
705
370
13
752
644
117
659
611
290
392
140
565
64
684
837
179
163
304
727
519
847
26
582
433
248
738
523
705
634
128
218
710
825
210
918
944
272
141
768
673
477
886
636
54
101
511
422
887
5
475
824
406
89
110
307
509
648
563
560
317
905
482
870
43
32
356
526
813
683
259
384
178
415
774
677
870
751
4
632
712
291
668
707
486
772
23
276
872
248
559
32
90
108
483
746
97
106
829
946
639
397
481
291
70
745
526
884
526
178
189
416
548
581
66
919
44
590
778
764
825
126
901
398
948
728
37
750
827
756
672
196
294
622
924
660
420
729
227
245
372
233
36
628
351
708
153
713
183
721
386
133
399
794
137
752
579
14
716
249
884
46
506
192
458
2
547
802
784
992
955
993
208
573
772
986
261
800
60
401
657
133
76
877
56
164
463
751
252
221
9
71
127
126
118
345
522
267
132
222
225
907
153
547
579
956
633
78
595
972
616
357
169
151
918
68
929
719
41
793
307
775
706
445
13
47
782
269
20
892
541
857
935
473
662
935
417
911
810
908
876
894
57
858
501
446
74
801
109
140
846
865
980
379
855
196
31
666
828
353
370
574
101
759
368
286
506
488
612
689
590
424
76
889
389
518
872
585
333
271
482
608
246
573
604
67
763
982
251
755
275
494
272
589
475
32
230
220
93
110
649
890
865
200
656
804
634
397
117
14
804
779
736
933
348
439
864
320
747
2
448
18
789
708
760
484
646
241
494
461
143
447
519
652
668
399
644
202
243
307
354
909
867
830
157
209
143
630
74
543
294
64
57
349
980
446
577
955
739
366
648
986
437
979
772
318
375
672
374
239
590
971
454
828
323
761
306
392
655
715
621
133
294
576
283
929
287
931
56
371
63
69
3
427
391
972
898
963
813
400
266
249
673
518
211
177
694
793
323
517
424
843
187
669
432
511
603
420
508
819
24
43
540
586
132
830
779
422
799
468
610
808
640
545
221
597
122
238
192
356
707
636
387
519
518
9
450
163
111
772
818
257
198
649
315
636
748
168
859
760
883
533
789
577
574
561
10
988
394
687
309
946
977
788
932
849
139
748
851
150
183
109
300
135
922
332
553
789
193
697
598
331
402
405
519
538
41
52
337
524
612
12
65
605
266
813
102
917
829
716
559
315
124
998
507
863
777
894
33
239
134
504
224
650
642
677
166
51
607
300
185
205
117
627
110
958
98
616
14
660
523
228
864
556
70
517
812
275
464
38
830
578
617
614
0
873
290
47
467
594
876
338
688
686
835
581
636
329
876
242
78
935
488
91
179
314
415
670
740
72
6
777
581
807
431
277
903
515
419
226
802
952
206
85
674
894
842
447
617
241
685
198
530
926
724
179
775
74
15
545
708
513
2
814
599
446
50
727
198
995
949
413
927
887
64
736
590
324
806
550
72
578
71
266
534
670
461
998
596
540
622
588
495
678
507
410
276
28
500
673
219
891
114
920
813
299
604
508
110
467
545
524
205
850
116
16
353
467
510
141
196
790
402
606
204
271
109
599
476
830
104
962
907
714
29
448
912
559
483
125
673
673
586
326
806
683
936
299
498
102
629
813
869
359
445
292
428
298
193
196
756
622
94
796
997
782
178
360
931
585
899
808
79
78
648
683
112
344
345
638
917
240
200
762
423
845
826
308
351
72
376
849
962
268
859
673
213
529
81
125
663
140
347
674
187
974
566
256
745
859
706
770
567
195
167
757
806
341
894
581
62
923
213
569
975
95
54
47
259
136
339
246
846
55
873
373
572
535
517
848
458
853
176
859
871
478
719
479
349
109
403
940
47
0
783
858
502
372
45
695
580
244
18
496
928
968
697
323
833
72
561
479
666
933
593
84
544
713
726
785
173
990
506
810
22
809
986
380
644
687
375
338
220
189
343
181
706
741
1000
50
863
266
608
272
715
160
616
356
474
499
680
939
64
969
889
618
574
495
576
756
592
447
398
216
796
781
10
559
650
114
626
834
837
216
565
597
514
512
720
340
499
548
209
57
892
423
682
493
377
33
368
167
773
359
324
996
519
396
914
54
862
425
111
800
569
635
745
413
816
539
233
602
96
549
523
598
104
903
139
307
291
106
410
57
225
547
446
988
205
604
866
472
863
828
231
42
395
252
688
308
256
768
918
139
108
77
175
63
254
644
647
140
104
385
401
945
407
367
900
966
500
557
806
6
734
382
417
748
999
889
490
312
851
69
112
812
1000
913
139
289
340
503
78
576
704
1000
767
889
468
10
253
656
129
997
621
29
605
817
378
993
522
815
752
991
862
377
516
524
318
645
839
555
808
370
113
8
205
995
769
762
796
170
316
284
400
44
140
967
497
112
153
793
908
175
890
940
21
932
685
253
523
525
539
290
65
377
998
251
101
931
937
235
893
746
369
514
244
576
918
187
514
397
495
555
407
996
769
108
474
702
773
495
774
382
872
826
341
460
86
789
706
69
317
267
428
607
405
27
610
628
849
840
555
137
764
499
909
341
309
422
414
573
761
658
875
930
248
356
981
462
610
156
372
526
356
778
235
156
103
368
300
241
982
844
589
11
180
577
585
514
241
953
548
715
714
244
253
529
632
875
231
596
132
201
541
829
363
738
46
506
637
863
397
933
852
824
69
303
559
686
308
167
707
604
256
464
660
136
853
736
519
394
882
76
650
540
343
486
604
295
915
582
389
57
133
701
154
520
771
520
707
966
285
162
309
579
14
264
963
134
538
729
729
450
969
855
504
764
789
795
362
243
388
713
576
464
110
105
732
439
901
940
335
31
915
639
9
746
465
179
398
56
933
728
877
576
655
704
11
975
755
776
339
199
987
141
768
793
992
270
791
293
24
807
993
819
133
370
68
709
493
847
116
711
713
951
487
373
653
929
783
378
395
92
378
72
496
233
85
911
962
121
612
759
358
935
978
813
789
333
856
551
366
242
828
806
623
483
485
864
578
585
424
74
204
86
769
622
123
324
780
588
77
2
561
633
461
129
115
604
825
563
330
510
233
336
37
285
959
556
44
813
991
165
12
108
183
593
664
48
918
101
155
568
380
219
820
76
541
984
610
736
274
912
738
707
468
429
817
434
465
633
851
344
536
958
654
962
130
391
357
100
349
614
491
135
655
571
575
417
713
979
516
740
122
335
391
268
625
50
385
648
766
692
897
446
703
631
569
304
806
292
525
877
485
375
945
470
195
750
848
500
692
648
120
832
839
598
353
828
575
75
541
272
997
394
480
150
648
495
197
423
59
248
658
605
932
612
349
251
53
865
394
829
64
35
43
631
302
61
578
781
534
494
513
883
497
508
465
749
985
611
830
676
523
611
127
992
745
83
623
215
142
762
789
85
308
995
392
819
564
511
903
391
859
160
745
486
79
229
222
398
465
706
940
763
741
66
591
978
889
503
928
43
378
474
825
0
684
559
554
161
73
128
620
418
970
580
706
992
456
849
315
524
2
596
434
737
389
309
823
610
504
139
25
193
958
387
598
825
658
124
741
778
976
131
836
832
742
596
264
156
772
601
840
507
68
214
146
357
478
320
258
110
732
30
181
137
294
376
634
759
41
432
869
191
99
316
584
741
708
433
608
104
906
479
49
277
957
553
252
110
797
699
803
419
417
753
332
398
116
583
303
383
802
109
549
286
547
196
377
470
511
397
129
233
884
784
263
431
37
73
827
261
801
971
443
709
814
41
798
66
197
642
193
876
842
780
223
450
460
44
240
101
982
551
692
640
364
8
437
522
114
376
730
885
514
887
962
623
830
804
574
426
248
906
795
863
194
597
302
77
370
530
560
927
662
742
553
218
243
159
944
750
464
755
333
694
17
837
448
76
228
70
919
889
916
206
418
969
678
162
687
325
328
193
626
275
707
834
839
977
89
721
158
753
196
766
13
314
523
970
87
950
379
868
702
135
97
627
54
80
553
597
995
645
343
99
704
653
903
372
188
36
170
113
186
303
6
303
186
880
287
167
192
720
70
345
257
189
965
493
562
762
115
350
76
532
889
673
328
112
324
591
197
150
842
436
635
840
703
68
894
397
690
744
348
610
376
670
391
424
930
518
314
479
299
938
639
601
399
234
50
511
253
186
650
967
137
548
730
256
125
240
760
137
466
625
516
675
975
770
742
849
471
336
627
664
113
53
603
124
316
711
31
186
115
413
687
758
971
24
518
542
531
388
262
667
830
604
551
542
3
262
815
869
126
808
56
871
350
124
967
579
748
291
155
66
368
105
312
887
532
629
688
519
990
809
91
422
