189
357
297
846
924
119
348
704
72
915
415
309
625
203
73
570
806
20
187
992
772
943
767
968
406
369
689
851
274
507
684
575
872
668
889
416
806
21
955
509
549
562
971
392
406
111
549
772
382
294
467
240
402
195
400
65
444
780
253
48
10
746
752
0
6
204
557
788
6
584
727
893
390
168
916
170
982
431
968
797
29
998
458
380
137
92
579
904
66
331
416
400
835
392
684
313
848
672
615
42
143
308
16
864
465
563
485
182
344
994
199
649
717
386
480
717
186
938
641
994
665
237
529
843
518
848
915
286
598
250
206
324
413
318
349
580
1
792
52
109
40
938
963
301
719
202
631
547
46
159
480
221
285
468
165
121
998
336
298
55
6
908
560
946
715
883
124
732
684
140
424
202
580
438
587
482
84
275
788
300
2
790
245
615
547
498
597
956
369
259
516
684
304
261
119
176
992
604
707
58
240
742
690
335
936
990
48
700
25
58
323
427
609
965
15
832
649
291
89
694
371
630
582
826
188
185
568
436
584
988
878
408
750
993
862
313
141
519
681
61
335
370
99
481
649
533
342
75
881
141
564
684
268
526
805
629
948
874
584
639
877
678
296
240
585
656
170
46
884
605
773
773
14
73
115
474
692
52
511
796
281
63
16
973
891
516
316
888
521
45
13
380
333
744
861
610
924
977
195
916
2
945
227
6
243
173
896
581
814
47
844
55
682
501
994
330
481
791
65
663
325
997
398
367
297
718
925
727
973
111
431
756
104
516
103
718
98
866
516
883
371
583
179
70
556
811
506
779
311
683
591
153
192
386
392
471
89
242
23
306
998
806
625
271
699
741
833
709
383
371
848
90
731
708
72
337
502
133
323
581
160
790
41
424
652
577
443
318
185
753
142
601
446
217
524
910
171
550
98
768
131
127
505
606
947
229
419
694
696
365
243
809
823
180
737
924
811
30
286
647
706
309
680
570
399
469
655
325
871
557
300
607
746
382
560
390
565
811
800
979
946
364
719
855
544
674
981
387
652
534
940
375
658
16
147
516
380
862
796
373
951
199
305
123
147
494
797
278
996
846
383
541
508
918
180
651
704
277
581
762
852
200
355
434
487
125
500
249
467
302
414
321
725
749
316
347
147
598
592
931
609
599
724
732
512
599
400
79
290
775
284
4
471
751
105
68
477
252
64
640
452
149
108
963
555
463
729
275
530
739
468
845
483
973
190
183
586
212
392
851
540
463
703
319
99
21
665
907
603
984
377
219
92
726
386
23
597
357
328
453
759
955
520
246
581
987
974
510
646
579
270
884
518
277
639
912
858
164
940
117
922
599
793
37
856
659
932
945
125
888
856
855
602
793
753
945
648
655
965
425
267
632
205
78
410
75
84
193
254
823
311
880
726
855
855
728
765
473
189
793
82
658
1
789
462
603
882
469
216
429
48
510
979
55
402
595
445
137
506
153
363
534
111
232
855
982
344
634
733
492
277
171
494
940
614
798
712
335
521
7
964
728
817
552
235
172
73
45
52
295
181
529
215
580
47
706
148
434
396
37
374
692
468
486
994
840
945
685
124
424
459
865
100
348
930
835
219
751
957
596
56
668
724
443
228
63
830
263
679
224
157
890
167
373
75
741
949
512
486
591
519
416
464
168
565
477
110
546
247
989
614
133
415
784
522
891
224
438
369
864
267
865
269
170
480
191
585
547
411
476
245
422
659
307
238
649
487
995
104
218
624
183
689
708
40
856
291
718
501
15
955
707
941
49
202
229
149
160
961
664
742
524
306
423
2
207
248
595
976
457
981
729
415
47
329
533
358
210
306
304
613
6
917
126
994
248
419
990
265
5
907
437
342
807
499
101
764
821
676
232
211
572
138
119
422
241
708
845
612
479
360
168
769
180
332
767
127
505
454
802
411
796
284
224
870
888
601
130
592
706
99
483
691
693
369
127
394
307
423
34
147
502
546
753
793
31
863
780
255
597
65
568
966
242
342
577
995
219
497
141
657
576
438
183
979
708
693
837
366
88
590
863
294
272
180
230
362
260
682
402
428
575
919
821
933
277
332
644
803
578
781
890
948
779
417
850
203
888
705
349
993
902
364
937
830
761
749
454
845
919
10
704
941
115
489
49
284
742
851
930
46
692
24
924
453
878
749
462
952
42
796
586
629
199
223
371
514
264
313
562
305
570
985
88
0
696
182
867
858
836
352
513
496
132
88
4
628
957
276
135
600
161
471
409
34
2
544
683
888
979
728
578
284
800
718
203
3
999
466
81
